name: Webscraper
channels:
  - anaconda
  - defaults
dependencies:
  - asn1crypto=1.4.0=py_0
  - brotlipy=0.7.0=py37he774522_1000
  - ca-certificates=2020.10.14=0
  - certifi=2020.6.20=py37_0
  - cffi=1.14.3=py37h7a1dbc1_0
  - cryptography=3.1.1=py37h7a1dbc1_0
  - idna=3.1=pyhd3eb1b0_0
  - openssl=1.1.1h=he774522_0
  - pip=20.2.4=py37_0
  - pycparser=2.20=py_2
  - pyopenssl=20.0.1=pyhd3eb1b0_1
  - pysocks=1.7.1=py37_1
  - python=3.7.9=h60c2a47_0
  - selenium=3.141.0=py37hfa6e2cd_1001
  - setuptools=50.3.0=py37h9490d1a_1
  - six=1.16.0=pyhd3eb1b0_1
  - sqlite=3.33.0=h2a8f88b_0
  - urllib3=1.25.11=py_0
  - vc=14.1=h0510ff6_4
  - vs2008_runtime=9.00.30729.1=haa95532_6
  - vs2015_runtime=14.16.27012=hf0eaf9b_3
  - wheel=0.37.1=pyhd3eb1b0_0
  - win_inet_pton=1.1.0=py37_0
  - wincertstore=0.2=py37_0
  - zlib=1.2.11=vc14h1cdd9ab_1
prefix: C:\miniconda3\envs\Webscraper
